#Energy (MeV) | Mass attenuation coefficient (cm²/g) | Mass energy-absorption coefficient (cm²/g)

1.50000E-02  1.116E+02  9.100E+01 
1.52000E-02  1.078E+02  8.807E+01 
1.55269E-02  1.416E+02  1.083E+02 
1.58608E-02  1.344E+02  1.032E+02 
2.00000E-02  8.636E+01  6.899E+01 
3.00000E-02  3.032E+01  2.536E+01 
4.00000E-02  1.436E+01  1.211E+01 
5.00000E-02  8.041E+00  6.740E+00 
6.00000E-02  5.021E+00  4.149E+00 
8.00000E-02  2.419E+00  1.916E+00 
8.80045E-02  1.910E+00  1.482E+00 
#
1.00000E-01  5.549E+00  1.976E+00 
1.50000E-01  2.014E+00  1.056E+00 
2.00000E-01  9.985E-01  5.870E-01 
3.00000E-01  4.031E-01  2.455E-01 
4.00000E-01  2.323E-01  1.370E-01 
#
5.00000E-01  1.614E-01  9.128E-02 
6.00000E-01  1.248E-01  6.819E-02 
8.00000E-01  8.870E-02  4.644E-02 
1.00000E+00  7.102E-02  3.654E-02 
1.25000E+00  5.876E-02  2.988E-02 
1.50000E+00  5.222E-02  2.640E-02 
2.00000E+00  4.606E-02  2.360E-02 
3.00000E+00  4.234E-02  2.322E-02 
#4.00000E+00  4.197E-02  2.449E-02 
#5.00000E+00  4.272E-02  2.600E-02 
#6.00000E+00  4.391E-02  2.744E-02 
#8.00000E+00  4.675E-02  2.989E-02 

